0 0 0 0
1 1 1 1
255 255 0 255
0 256 1 256
254 510 0 510
255 511 1 0
254 766 1 255
255 0 2 256
255 463 0 31
254 462 254 30
21 469 69 211
177 693 51 164
77 537 48 423
100 80 188 465
186 554 137 111
68 701 83 11
255 340 0 127
0 341 1 128
255 86 15 3
0 87 16 4
255 624 0 63
0 625 1 64
255 231 127 15
0 232 128 16
199 396 121 376
142 25 242 241
85 421 108 106
28 158 99 150
227 581 60 443
170 237 21 225
113 660 237 7
56 316 198 300
255 739 159 82
57 73 105 81
50 394 60 438
72 268 210 434
11 96 159 87
114 675 252 25
89 173 218 421
0 740 160 83
0 713 65 166
0 686 225 249
0 659 130 332
0 40 60 42
128 260 105 167
10 10 10 10
100 100 100 100
232 233 235 489
16 29 55 291
160 290 40 355
